Algorithm: LSH
CLUSTER-1 {size: 1297, centroid: 0 21 12 9 9 11 17 25 20 23 26 35 23 16 20 42 32 34 19 33 29 14 11 33 51 29 20 16 22 15 6 13 27 52 21 11 13 29 29 22 25 54 33 32 20 15 30 33 35 69 21 33 45 22 16 33 56 70 22 16 37 29 18 14 39 52 17 18 24 29 13 11 27 55 30 52 36 14 16 28 49 62 51 42 29 16 30 36 26 58 33 12 31 31 22 18 32 25 22 17 15 12 8 8 13 35 34 42 22 5 10 36 43 21 40 46 24 12 17 38 25 22 19 9 11 17 14 18 15 }

CLUSTER-2 {size: 3739, centroid: 1 33 15 9 4 8 17 14 19 40 19 24 18 20 31 28 29 46 15 24 17 8 15 24 36 24 12 19 11 12 3 4 12 52 29 13 15 14 28 24 19 60 33 27 21 28 42 42 30 70 19 34 24 12 15 28 62 57 12 24 24 31 18 11 41 55 29 35 22 17 22 17 25 57 26 42 35 27 27 29 36 71 48 49 13 13 33 32 32 56 25 11 8 19 31 32 31 37 25 21 11 7 8 7 12 40 39 50 32 9 17 24 26 26 41 53 27 11 27 26 18 17 18 19 9 14 18 17 15 }

CLUSTER-3 {size: 4964, centroid: 2 25 27 17 6 6 8 11 15 24 49 54 33 17 25 29 11 32 26 59 47 11 21 27 19 18 33 33 20 13 4 9 11 59 39 14 10 23 31 15 32 70 52 39 36 19 41 36 42 52 30 57 53 22 30 29 35 38 37 36 22 22 17 14 16 62 40 17 23 19 14 10 23 70 14 36 45 24 26 25 50 57 22 34 22 29 49 32 43 56 15 5 3 20 36 28 27 29 27 18 3 3 4 14 13 33 19 29 25 15 20 31 26 18 14 24 23 27 40 21 12 25 6 3 6 18 13 25 14 }

clustering time: 0.223046

Silhouette: [0.454125, 0.853437, 0.995971, 0.872400]
CLUSTER-1 {size: 1285, centroid: 0 21 12 9 9 11 17 25 20 23 26 35 23 16 20 42 32 34 19 33 29 14 11 33 51 29 20 16 22 15 6 13 27 52 21 11 13 29 29 22 25 54 33 32 20 15 30 33 35 69 21 33 45 22 16 33 56 70 22 16 37 29 18 14 39 52 17 18 24 29 13 11 27 55 30 52 36 14 16 28 49 62 51 42 29 16 30 36 26 58 33 12 31 31 22 18 32 25 22 17 15 12 8 8 13 35 34 42 22 5 10 36 43 21 40 46 24 12 17 38 25 22 19 9 11 17 14 18 15 }

CLUSTER-2 {size: 3737, centroid: 1 33 15 9 4 8 17 14 19 40 19 24 18 20 31 28 29 46 15 24 17 8 15 24 36 24 12 19 11 12 3 4 12 52 29 13 15 14 28 24 19 60 33 27 21 28 42 42 30 70 19 34 24 12 15 28 62 57 12 24 24 31 18 11 41 55 29 35 22 17 22 17 25 57 26 42 35 27 27 29 36 71 48 49 13 13 33 32 32 56 25 11 8 19 31 32 31 37 25 21 11 7 8 7 12 40 39 50 32 9 17 24 26 26 41 53 27 11 27 26 18 17 18 19 9 14 18 17 15 }

CLUSTER-3 {size: 4978, centroid: 2 25 27 17 6 6 8 11 15 24 49 54 33 17 25 29 11 32 26 59 47 11 21 27 19 18 33 33 20 13 4 9 11 59 39 14 10 23 31 15 32 70 52 39 36 19 41 36 42 52 30 57 53 22 30 29 35 38 37 36 22 22 17 14 16 62 40 17 23 19 14 10 23 70 14 36 45 24 26 25 50 57 22 34 22 29 49 32 43 56 15 5 3 20 36 28 27 29 27 18 3 3 4 14 13 33 19 29 25 15 20 31 26 18 14 24 23 27 40 21 12 25 6 3 6 18 13 25 14 }

clustering time: 0.203755

Silhouette: [0.519066, 0.840781, 0.997790, 0.877600]
CLUSTER-1 {size: 4347, centroid: 0 25 8 7 6 16 19 27 24 22 11 11 10 22 56 61 38 47 10 7 13 13 32 53 64 38 15 6 14 12 9 13 24 28 13 12 22 39 43 29 21 19 8 9 24 49 70 65 35 98 17 9 9 7 21 49 90 88 24 13 17 13 10 12 47 24 22 31 44 38 20 10 14 15 27 72 80 46 16 8 10 99 81 72 25 6 5 8 31 91 47 21 15 10 10 13 33 26 26 23 17 12 8 9 12 26 41 71 46 15 8 11 14 33 54 73 35 15 8 9 12 34 25 13 9 11 10 9 16 }

CLUSTER-2 {size: 5063, centroid: 1 8 9 2 0 1 10 22 11 11 50 53 12 10 5 26 40 7 55 75 26 7 2 9 41 12 41 38 10 2 0 0 6 73 38 1 2 9 7 16 19 73 82 80 15 20 9 22 49 45 32 69 63 24 7 10 42 50 26 39 31 10 2 0 14 73 30 29 9 5 1 3 44 83 23 43 31 8 9 55 86 65 58 54 26 27 17 47 40 46 27 26 12 20 28 21 7 21 33 11 0 0 0 0 11 62 13 32 11 0 0 15 67 47 23 41 14 7 19 38 49 16 10 2 0 13 39 25 16 }

CLUSTER-3 {size: 590, centroid: 2 13 12 8 9 15 15 16 13 16 7 30 25 12 45 47 43 54 18 30 18 16 30 22 43 49 26 24 9 3 4 7 16 37 12 8 24 34 29 32 22 38 18 42 52 23 39 47 44 80 27 45 32 9 20 22 60 73 33 34 9 5 5 9 42 44 22 40 38 19 12 11 15 48 48 79 74 22 10 6 18 76 58 60 50 18 13 7 30 67 42 16 7 9 20 10 29 37 20 14 8 5 7 10 31 70 33 49 37 13 6 24 53 27 41 57 47 21 18 13 11 19 21 11 13 12 22 14 7 }

clustering time: 0.215573

Silhouette: [0.666667, 0.999210, 0.816949, 0.843900]
